numNodes numEdges max_flow cpu_load_time gpu_load_time comute_time max_flow_time

4281081856
adhead.n26c10.max.bk
Number of edges in file does not match (Line 33)
0 0 0 1.067 412.078 0.026 0

4474560512
adhead.n26c100.max.bk
Number of edges in file does not match (Line 33)
0 0 0 0.721 363.724 0.026 0.001

1128079104
adhead.n6c10.max.bk
12582914 37748736 -133120 65508.8 902.815 27304.8 0.969

1136908433
adhead.n6c100.max.bk
12582914 37748736 408064 66897.5 653.01 46944.1 0.964

1509191975
babyface.n26c10.max.bk
5062503 65812500 -52224 63267.5 842.978 75316.1 1.197

461946278
babyface.n6c10.max.bk
5062502 15187500 -214528 27883.9 459.403 8363.17 0.42

488993231
babyface.n6c100.max.bk
5062502 15187500 -10752 26264.2 539.04 8930.9 0.42

726357560
BL06-camel-med.max.bk
9676802 19287360 3.45374e+08 36295 573.447 18655.4 0.609

85249685
BL06-camel-sml.max.bk
1209602 2402640 7.56283e+07 4543.39 372.274 2575.77 0.118

648618144
BL06-gargoyle-med.max.bk
8847362 17632256 9.11788e+07 33251.8 489.575 18308.7 0.592

76022706
BL06-gargoyle-sml.max.bk
1105922 2196224 3.00993e+07 4177 411.894 1869.67 0.112

715618728
bone.n6c10.max.bk
7798786 23396352 -309760 40045.8 568.767 13677.3 0.619

752992368
bone.n6c100.max.bk
7798786 23396352 -244224 40103.5 515.295 14489.6 0.632

305528832
bone_subx.n26c10.max.bk
3899394 50692096 1.70996e+09 13420.8 695.723 1.36874e+07 1337

1274386165
bone_subx.n26c100.max.bk
3899394 50692096 314880 51211 828.499 50180.5 0.921

356914250
bone_subx.n6c10.max.bk
3899394 11698176 -8576 20060.5 486.728 4855.32 0.334

375169516
bone_subx.n6c100.max.bk
3899394 11698176 295424 20110.7 396.964 6835.02 0.353

592950213
bone_subxy.n26c10.max.bk
1949698 25346048 18112 24450.8 515.392 14407 0.482

174540879
bone_subxy.n6c10.max.bk
1949698 5849088 17216 10176.8 380.193 1992.11 0.191

183754645
bone_subxy.n6c100.max.bk
1949698 5849088 182528 10209.5 368.674 3603.53 0.19

284484135
bone_subxyz.n26c10.max.bk
983042 12779520 9472 12134.6 409.16 6095.88 0.266

299052619
bone_subxyz.n26c100.max.bk
983042 12779520 98880 12447.4 461.51 8117.83 0.271

84199897
bone_subxyz.n6c10.max.bk
983042 2949120 8640 5047.9 357.441 522.279 0.12

88812046
bone_subxyz.n6c100.max.bk
983042 2949120 91328 5065.14 333.239 602.998 0.12

140741321
bone_subxyz_subx.n26c10.max.bk
491522 6389760 6240 6046.8 466.648 2575.85 0.157

147978075
bone_subxyz_subx.n26c100.max.bk
491522 6389760 64480 6213.66 404.766 2576.24 0.159

41710204
bone_subxyz_subx.n6c10.max.bk
491522 1474560 5472 2574.02 383.41 202.455 0.085

44007502
bone_subxyz_subx.n6c100.max.bk
491522 1474560 56992 2532.86 399.752 252.303 0.084

68869834
bone_subxyz_subxy.n26c10.max.bk
245762 3194880 3712 3050.91 383.585 1282.71 0.105

72486306
bone_subxyz_subxy.n26c100.max.bk
245762 3194880 38608 3071.22 331.393 1536.92 0.104

20465276
bone_subxyz_subxy.n6c10.max.bk
245762 737280 3088 1257.02 399.437 128.016 0.069

21637089
bone_subxyz_subxy.n6c100.max.bk
245762 737280 32656 1277.23 411.613 128.01 0.07

9997847
BVZ-sawtooth0.bk
164922 329026 265124 661.191 326.367 32.451 0.058

9921918
BVZ-sawtooth10.bk
164922 329026 684076 672.989 369.667 75.156 0.058

9940887
BVZ-sawtooth11.bk
164922 329026 295034 664.455 388.064 53.829 0.058

9939655
BVZ-sawtooth12.bk
164922 329026 300026 661.148 396.092 192.505 0.055

9972709
BVZ-sawtooth13.bk
164922 329026 1.3335e+06 646.132 383.998 139.336 0.057

9939818
BVZ-sawtooth14.bk
164922 329026 314970 682.072 331.786 114095 10.146

9946950
BVZ-sawtooth15.bk
164922 329026 358366 722.52 429.345 183.494 0.058

9958901
BVZ-sawtooth16.bk
164922 329026 228828 661.581 348.646 113016 10.087

9858132
BVZ-sawtooth17.bk
164921 329026 0 690.567 368.808 0.41 0.064

9970057
BVZ-sawtooth18.bk
164922 329026 451904 648.801 363.753 56.974 0.061

9989693
BVZ-sawtooth19.bk
164922 329026 242592 683.175 334.032 112130 10.388

9967649
BVZ-sawtooth2.bk
164922 329026 616780 672.976 363.612 56.804 0.059

9952982
BVZ-sawtooth3.bk
164922 329026 630314 676.476 405.064 673.734 0.058

9959489
BVZ-sawtooth4.bk
164922 329026 228982 682.336 401.866 53.804 0.06

9953369
BVZ-sawtooth5.bk
164922 329026 753136 701.189 319.972 210.54 0.058

9933596
BVZ-sawtooth6.bk
164922 329026 446182 681.25 309.61 22.37 0.056

9920241
BVZ-sawtooth7.bk
164922 329026 596794 648.886 400.09 110816 10.311

9911899
BVZ-sawtooth8.bk
164922 329026 492026 664.997 328.074 166.504 0.055

6493919
BVZ-tsukuba0.bk
110594 220512 34148 442.628 373.454 77.315 0.052

6489706
BVZ-tsukuba1.bk
110594 220512 264560 474.961 347.458 139.184 0.05

6448721
BVZ-tsukuba10.bk
110594 220512 236298 463.507 352.54 131.491 0.054

6473813
BVZ-tsukuba11.bk
110594 220512 42458 473.412 404.027 54.48 0.058

6480068
BVZ-tsukuba12.bk
110594 220512 38224 472.415 299.729 38.955 0.051

6437777
BVZ-tsukuba13.bk
110593 220512 0 478.726 387.425 0.315 0.057

6491031
BVZ-tsukuba14.bk
110594 220512 49972 546.858 385.995 51.771 0.062

6500036
BVZ-tsukuba15.bk
110594 220512 32378 462.037 310.744 26.002 0.055

6476370
BVZ-tsukuba2.bk
110594 220512 41150 461.938 418.59 103.026 0.056

6468465
BVZ-tsukuba3.bk
110594 220512 35334 479.026 349.956 23.488 0.065

6449336
BVZ-tsukuba4.bk
110594 220512 48948 478.477 336.438 85.207 0.052

6436156
BVZ-tsukuba5.bk
110594 220512 74372 455.789 364.755 231.873 0.05

6442823
BVZ-tsukuba6.bk
110594 220512 187576 465.592 372.84 92.951 0.05

6454338
BVZ-tsukuba7.bk
110594 220512 41095 459.843 395.458 23.485 0.053

6456195
BVZ-tsukuba8.bk
110594 220512 54457 412.277 354.055 46.827 0.053

6490636
BVZ-tsukuba9.bk
110594 220512 298716 477.493 337.878 192.934 0.05

10026892
BVZ-venus0.bk
166224 331627 359284 700.248 363.484 54.087 0.067

622093964
bone_subxy.n26c100.max.bk
1949698 25346048 190656 25620.7 499.135 39075.2 0.493

9989559
BVZ-sawtooth1.bk
164922 329026 275236 672.105 338.184 21.737 0.055

9946690
BVZ-sawtooth9.bk
164922 329026 889575 630.103 332.475 186.165 0.063

10020036
BVZ-venus1.bk
166224 331627 274314 680.954 379.983 33.611 0.061

9481359
BVZ-venus7.bk
166224 331627 266682 635.807 361.57 403.516 0.055

22394650
KZ2-sawtooth5.bk
289055 795677 951924 1376.9 319.405 25215.1 0.073

9986246
BVZ-venus10.bk
166224 331627 442371 670.795 326.159 276.295 0.057

9974070
BVZ-venus11.bk
166224 331627 850805 678.237 383.413 181.339 0.055

9987470
BVZ-venus12.bk
166224 331627 339752 813.88 412.015 172.109 0.055

9979086
BVZ-venus13.bk
166224 331627 996632 741.271 355.394 290.423 0.055

9999487
BVZ-venus14.bk
166224 331627 447688 737.775 333.821 204.55 0.055

10024216
BVZ-venus15.bk
166224 331627 1.14985e+06 690.602 401.646 107.755 0.056

10025126
BVZ-venus16.bk
166224 331627 208572 639.876 402.478 301.252 0.055

10029953
BVZ-venus17.bk
166224 331627 257748 694.77 324.275 54.043 0.07

10030561
BVZ-venus18.bk
166224 331627 416638 689.007 306.041 43.308 0.056

9938659
BVZ-venus19.bk
166223 331627 0 686.75 389.01 0.4 0.064

10015137
BVZ-venus2.bk
166224 331627 233672 615.935 318.497 36.15 0.064

10055034
BVZ-venus20.bk
166224 331627 220832 672.375 341.217 24.257 0.063

10056593
BVZ-venus21.bk
166224 331627 307840 691.016 338.049 59.93 0.06

9999242
BVZ-venus3.bk
166224 331627 413468 684.921 334.497 153.793 0.058

9988103
BVZ-venus4.bk
166224 331627 375424 667.767 346.502 113771 10.647

9977933
BVZ-venus5.bk
166224 331627 403549 680.483 367.671 325.931 0.056

9503204
BVZ-venus6.bk
166224 331627 492993 683.735 390.765 129.325 0.059

9489593
BVZ-venus8.bk
166224 331627 331956 689.532 395.611 988.34 0.056

9984599
BVZ-venus9.bk
166224 331627 455136 630.707 348.267 225.967 0.055

25911889
KZ2-sawtooth0.bk
317904 924655 789296 1692.2 387.099 5769.99 0.071

25875109
KZ2-sawtooth1.bk
317375 923643 838648 1613.46 366.43 4921.93 0.077

23626248
KZ2-sawtooth10.bk
300204 840731 1.10375e+06 1670.54 367.786 29198.3 0.072

25717653
KZ2-sawtooth11.bk
314478 920122 1.08555e+06 1617.27 397.272 9799.57 0.074

25544776
KZ2-sawtooth12.bk
313416 913429 1.07827e+06 1588.84 362.749 10345.6 0.074

16956263
KZ2-sawtooth13.bk
237215 599975 854996 1126.32 360.64 12789.6 0.069

25318115
KZ2-sawtooth14.bk
311472 904959 1.11525e+06 1562.64 324.658 60755.6 0.075

24757806
KZ2-sawtooth15.bk
307925 883412 1.01111e+06 1603.34 362.286 39376.1 0.074

25588483
KZ2-sawtooth16.bk
312807 915110 1.04583e+06 1635.16 411.187 39894.6 0.074

8962725
KZ2-sawtooth17.bk
158462 316123 235170 606.507 405.976 22.587 0.067

24204753
KZ2-sawtooth18.bk
303355 861878 891960 1508.53 336.334 15261.5 0.072

25304423
KZ2-sawtooth19.bk
310612 903891 830340 1583.81 357.124 4431.71 0.072

23706775
KZ2-sawtooth2.bk
301270 842517 904936 1504.99 348.71 12648.5 0.071

23725598
KZ2-sawtooth3.bk
301667 843029 985440 1499.59 410.626 78332.9 0.071

26060827
KZ2-sawtooth4.bk
317868 931566 1.06552e+06 1663.26 404.641 11174.7 0.073

25053786
KZ2-sawtooth6.bk
311309 893957 1.13571e+06 1643.34 404.664 10094.3 0.075

23822083
KZ2-sawtooth7.bk
302434 847358 1.13317e+06 1519.85 402.834 23936.4 0.071

24537630
KZ2-sawtooth8.bk
307470 874403 1.24886e+06 1571.73 402.767 44010.2 0.074

19577223
KZ2-sawtooth9.bk
262426 693696 914776 1285.21 354.435 18673.8 0.067

26033334
KZ2-venus0.bk
320287 929352 1.1561e+06 1728.04 339.915 45786.3 0.077

26471487
KZ2-venus1.bk
322862 946328 1.20322e+06 1669.74 378.173 14672.3 0.079

25648996
KZ2-venus10.bk
315588 917009 1.3752e+06 1602.14 354.796 59945.3 0.074

21550886
KZ2-venus11.bk
278747 768023 1.31528e+06 1379.08 385.577 28358.7 0.07

25801937
KZ2-venus12.bk
316971 922348 1.39308e+06 1653.87 400.603 73376.8 0.073

20124459
KZ2-venus13.bk
266048 716325 1.23016e+06 1297.16 389.445 36662.4 0.068

25163879
KZ2-venus14.bk
310870 899257 1.31763e+06 1647.39 346.629 22522 0.073

17945167
KZ2-venus15.bk
245565 638383 1.0381e+06 1164.02 359.645 11878.9 0.068

26347960
KZ2-venus16.bk
319382 943556 1.21804e+06 1670.82 338.932 20701.9 0.075

25890773
KZ2-venus17.bk
316334 925872 1.16605e+06 1655.82 368.99 63259.1 0.073

24973538
KZ2-venus18.bk
308885 892026 1.11907e+06 1514.48 422.497 29775.3 0.072

8990395
KZ2-venus19.bk
158947 317092 197982 650.814 338.395 106744 9.836

26846719
KZ2-venus2.bk
324990 961131 1.26141e+06 1653.51 376.325 10755.4 0.074

25846493
KZ2-venus20.bk
315628 924019 1.01644e+06 1615.81 358.037 5461.39 0.073

25384213
KZ2-venus21.bk
312744 906150 978376 1520.9 381.072 6053.9 0.071

25963294
KZ2-venus3.bk
319322 927352 1.3478e+06 1550.96 353.195 33750 0.072

25971146
KZ2-venus4.bk
319374 927612 1.42088e+06 1683.18 358.964 32129 0.074

25503968
KZ2-venus5.bk
314933 911150 1.45479e+06 1585.59 424.979 40403.5 0.073

22665917
KZ2-venus6.bk
289604 807910 1.21183e+06 1431.99 396.926 15762 0.07

26444386
KZ2-venus7.bk
321509 946747 1.50658e+06 1646.76 349.926 356693 34.351

26265737
KZ2-venus8.bk
320248 939971 1.42337e+06 1678.55 388.973 63229.1 0.073

25746039
KZ2-venus9.bk
316576 920410 1.39682e+06 1613.93 375.09 44798.2 0.073

584478759
LB07-bunny-med.max.bk
6311088 18830103 3.85995e+06 33908.1 619.011 3907.36 0.509

69115931
LB07-bunny-sml.max.bk
805802 2391242 961164 4171.92 389.131 409.045 0.106

1285293527
liver.n26c10.max.bk
4161602 54100800 -302592 38239.9 1554 6683.57 0.982

1243009130
liver.n26c100.max.bk
4161602 54100800 282624 40924.3 1489.55 7698.34 0.983

366993890
liver.n6c10.max.bk
4161602 12484800 -304128 21160.2 499.764 3043.67 0.354

381771728
liver.n6c100.max.bk
4161602 12484800 266240 22580 600.683 3958.41 0.358

