max_flow cpu_load_time comute_time

4281081856
adhead.n26c10.max.bk
c reading compiled file
ERROR while reading compiled num nodes/edges, EOF=1

4474560512
adhead.n26c100.max.bk
c reading compiled file
ERROR while reading compiled num nodes/edges, EOF=1

1128079104
adhead.n6c10.max.bk
c reading compiled file
48373 3.497000 5.798000

1136908433
adhead.n6c100.max.bk
c reading compiled file
ERROR while reading compiled line 17270663, EOF=1

1509191975
babyface.n26c10.max.bk
180946 37.239000 13.306000

461946278
babyface.n6c10.max.bk
19448 11.497000 2.656000

488993231
babyface.n6c100.max.bk
222943 11.264000 3.268000

726357560
BL06-camel-med.max.bk
348774508 19.150000 6.983000

85249685
BL06-camel-sml.max.bk
76324399 2.382000 0.458000

648618144
BL06-gargoyle-med.max.bk
97979938 17.502000 9.042000

76022706
BL06-gargoyle-sml.max.bk
29696707 2.527000 0.425000

715618728
bone.n6c10.max.bk
5454 17.904000 1.873000

752992368
bone.n6c100.max.bk
71344 19.093000 2.204000

305528832
bone_subx.n26c10.max.bk
0 10.858000 0.274000

1274386165
bone_subx.n26c100.max.bk
353920 35.675000 3.421000

356914250
bone_subx.n6c10.max.bk
30590 8.939000 1.294000

375169516
bone_subx.n6c100.max.bk
334532 9.035000 1.488000

592950213
bone_subxy.n26c10.max.bk
17292 18.016000 1.428000

174540879
bone_subxy.n6c10.max.bk
16405 4.596000 0.556000

183754645
bone_subxy.n6c100.max.bk
181688 4.271000 0.648000

284484135
bone_subxyz.n26c10.max.bk
8773 8.508000 0.709000

299052619
bone_subxyz.n26c100.max.bk
98148 9.150000 0.783000

84199897
bone_subxyz.n6c10.max.bk
8014 2.385000 0.252000

88812046
bone_subxyz.n6c100.max.bk
90645 2.545000 0.304000

140741321
bone_subxyz_subx.n26c10.max.bk
5798 4.287000 0.314000

147978075
bone_subxyz_subx.n26c100.max.bk
64037 4.399000 0.331000

41710204
bone_subxyz_subx.n6c10.max.bk
5044 1.302000 0.113000

44007502
bone_subxyz_subx.n6c100.max.bk
56552 1.159000 0.123000

68869834
bone_subxyz_subxy.n26c10.max.bk
3502 2.277000 0.165000

72486306
bone_subxyz_subxy.n26c100.max.bk
38410 2.269000 0.188000

20465276
bone_subxyz_subxy.n6c10.max.bk
2891 0.756000 0.058000

21637089
bone_subxyz_subxy.n6c100.max.bk
32461 0.615000 0.055000

9997847
BVZ-sawtooth0.bk
265530 0.410000 0.021000

9921918
BVZ-sawtooth10.bk
684428 0.436000 0.041000

9940887
BVZ-sawtooth11.bk
295774 0.411000 0.024000

9939655
BVZ-sawtooth12.bk
300621 0.400000 0.026000

9972709
BVZ-sawtooth13.bk
1333498 0.437000 0.047000

9939818
BVZ-sawtooth14.bk
316600 0.399000 0.033000

9946950
BVZ-sawtooth15.bk
359799 0.418000 0.030000

9958901
BVZ-sawtooth16.bk
230840 0.464000 0.044000

9858132
BVZ-sawtooth17.bk
0 0.415000 0.008000

9970057
BVZ-sawtooth18.bk
454019 0.378000 0.027000

9989693
BVZ-sawtooth19.bk
244304 0.363000 0.019000

9967649
BVZ-sawtooth2.bk
617013 0.398000 0.028000

9952982
BVZ-sawtooth3.bk
630526 0.492000 0.057000

9959489
BVZ-sawtooth4.bk
229150 1.111000 0.034000

9953369
BVZ-sawtooth5.bk
753315 0.867000 0.048000

9933596
BVZ-sawtooth6.bk
446549 0.427000 0.026000

9920241
BVZ-sawtooth7.bk
596993 1.079000 0.038000

9911899
BVZ-sawtooth8.bk
492170 0.485000 0.040000

6493919
BVZ-tsukuba0.bk
34669 0.320000 0.022000

6489706
BVZ-tsukuba1.bk
264801 0.299000 0.043000

6448721
BVZ-tsukuba10.bk
236298 0.460000 0.052000

6473813
BVZ-tsukuba11.bk
42705 0.460000 0.022000

6480068
BVZ-tsukuba12.bk
38887 0.356000 0.019000

6437777
BVZ-tsukuba13.bk
0 0.386000 0.005000

6491031
BVZ-tsukuba14.bk
50599 0.315000 0.013000

6500036
BVZ-tsukuba15.bk
33349 0.465000 0.013000

6476370
BVZ-tsukuba2.bk
41538 0.434000 0.024000

6468465
BVZ-tsukuba3.bk
35379 0.291000 0.014000

6449336
BVZ-tsukuba4.bk
48947 0.309000 0.028000

6436156
BVZ-tsukuba5.bk
74372 0.270000 0.038000

6442823
BVZ-tsukuba6.bk
187576 0.605000 0.038000

6454338
BVZ-tsukuba7.bk
41095 0.453000 0.012000

6456195
BVZ-tsukuba8.bk
54458 0.413000 0.025000

6490636
BVZ-tsukuba9.bk
298716 0.448000 0.037000

10026892
BVZ-venus0.bk
360038 0.394000 0.033000

622093964
bone_subxy.n26c100.max.bk
189880 18.508000 1.785000

9989559
BVZ-sawtooth1.bk
275285 0.564000 0.019000

9946690
BVZ-sawtooth9.bk
889575 0.398000 0.047000

10020036
BVZ-venus1.bk
274732 0.429000 0.032000

9481359
BVZ-venus7.bk
266682 1.295000 0.104000

22394650
KZ2-sawtooth5.bk
945103 0.802000 0.082000

9986246
BVZ-venus10.bk
442371 0.623000 0.072000

9974070
BVZ-venus11.bk
850805 0.460000 0.080000

9987470
BVZ-venus12.bk
340048 0.383000 0.059000

9979086
BVZ-venus13.bk
996632 0.419000 0.070000

9999487
BVZ-venus14.bk
448731 0.409000 0.065000

10024216
BVZ-venus15.bk
1149848 0.608000 0.078000

10025126
BVZ-venus16.bk
210033 0.470000 0.044000

10029953
BVZ-venus17.bk
259189 0.625000 0.041000

10030561
BVZ-venus18.bk
417740 0.593000 0.041000

9938659
BVZ-venus19.bk
0 0.645000 0.008000

10015137
BVZ-venus2.bk
234246 0.586000 0.038000

10055034
BVZ-venus20.bk
222776 0.492000 0.032000

10056593
BVZ-venus21.bk
310114 0.604000 0.028000

9999242
BVZ-venus3.bk
413666 0.658000 0.082000

9988103
BVZ-venus4.bk
375637 0.556000 0.055000

9977933
BVZ-venus5.bk
403549 0.539000 0.060000

9503204
BVZ-venus6.bk
492993 0.419000 0.054000

9489593
BVZ-venus8.bk
332009 0.421000 0.069000

9984599
BVZ-venus9.bk
455136 0.391000 0.066000

25911889
KZ2-sawtooth0.bk
765315 0.883000 0.049000

25875109
KZ2-sawtooth1.bk
815318 0.878000 0.057000

23626248
KZ2-sawtooth10.bk
1097435 1.066000 0.088000

25717653
KZ2-sawtooth11.bk
1077688 0.871000 0.062000

25544776
KZ2-sawtooth12.bk
1069628 0.891000 0.073000

16956263
KZ2-sawtooth13.bk
846885 0.855000 0.090000

25318115
KZ2-sawtooth14.bk
1087953 0.968000 0.087000

24757806
KZ2-sawtooth15.bk
992070 0.988000 0.083000

25588483
KZ2-sawtooth16.bk
1014398 0.741000 0.088000

8962725
KZ2-sawtooth17.bk
240399 0.375000 0.026000

24204753
KZ2-sawtooth18.bk
873526 1.159000 0.075000

25304423
KZ2-sawtooth19.bk
799101 0.914000 0.058000

23706775
KZ2-sawtooth2.bk
892714 0.901000 0.077000

23725598
KZ2-sawtooth3.bk
976692 0.970000 0.105000

26060827
KZ2-sawtooth4.bk
1047998 1.017000 0.080000

25053786
KZ2-sawtooth6.bk
1128726 0.864000 0.080000

23822083
KZ2-sawtooth7.bk
1126368 0.776000 0.096000

24537630
KZ2-sawtooth8.bk
1245208 0.788000 0.108000

19577223
KZ2-sawtooth9.bk
912136 0.698000 0.083000

26033334
KZ2-venus0.bk
1144128 1.179000 0.080000

26471487
KZ2-venus1.bk
1190657 1.110000 0.070000

25648996
KZ2-venus10.bk
1375201 1.095000 0.122000

21550886
KZ2-venus11.bk
1315279 1.638000 0.129000

25801937
KZ2-venus12.bk
1393079 0.838000 0.125000

20124459
KZ2-venus13.bk
1230158 0.853000 0.116000

25163879
KZ2-venus14.bk
1304192 0.845000 0.130000

17945167
KZ2-venus15.bk
1034347 0.875000 0.089000

26347960
KZ2-venus16.bk
1191635 0.855000 0.091000

25890773
KZ2-venus17.bk
1140960 1.164000 0.091000

24973538
KZ2-venus18.bk
1099583 1.228000 0.087000

8990395
KZ2-venus19.bk
202590 0.445000 0.021000

26846719
KZ2-venus2.bk
1250964 0.866000 0.079000

25846493
KZ2-venus20.bk
989615 0.810000 0.069000

25384213
KZ2-venus21.bk
955443 0.959000 0.073000

25963294
KZ2-venus3.bk
1343151 0.823000 0.134000

25971146
KZ2-venus4.bk
1417900 1.092000 0.099000

25503968
KZ2-venus5.bk
1453512 1.286000 0.106000

22665917
KZ2-venus6.bk
1211831 0.803000 0.101000

26444386
KZ2-venus7.bk
1506570 0.883000 0.255000

26265737
KZ2-venus8.bk
1423372 0.862000 0.121000

25746039
KZ2-venus9.bk
1396819 0.972000 0.127000

584478759
LB07-bunny-med.max.bk
3860022 17.306000 0.922000

69115931
LB07-bunny-sml.max.bk
961163 1.834000 0.115000

1285293527
liver.n26c10.max.bk
56739 38.581000 5.742000

1243009130
liver.n26c100.max.bk
641917 39.207000 6.533000

366993890
liver.n6c10.max.bk
55104 12.308000 2.548000

381771728
liver.n6c100.max.bk
625447 9.860000 3.289000

